k=10	Mean error 20.257092354799543
k=75	Mean error 14.645459083259952
k=150	Mean error 13.964733268243522
