k=10	Mean error 16.186004741871617
k=75	Mean error 10.482807792421363
k=150	Mean error 9.362585683995235
